1,0,0,-10,2,
2,220,-461,1,
3,-62,-261,-3,
4,298,356,-4,
5,-214,-134,5,
6,113,-49,5,
7,-399,354,0,
8,-218,-357,-4,
9,422,38,-10,
10,-214,446,-9,
11,181,498,-5,
12,392,477,9,
13,407,156,6,
14,-176,-42,-9,
15,-259,382,1,
16,-221,226,1,
17,91,-53,7,
18,88,341,-6,
19,-262,408,-8,
20,118,112,4,
21,368,-43,-7,
22,379,34,9,
23,388,-276,3,
24,85,98,9,
25,-388,-287,-2,
26,-433,79,7,
27,-95,130,3,
28,6,-220,-8,
29,150,-111,-2,
30,-323,-170,4,
31,-235,-168,0,
32,-363,-385,10,
33,-397,429,4,
34,-95,153,10,
35,357,-162,-7,
36,273,99,-9,
37,-286,-402,-9,
38,204,184,-8,
39,443,-239,-7,
40,-124,248,9,
41,-495,372,7,
42,-347,174,0,
43,5,320,1,
44,-313,-260,-7,
45,438,305,-5,
46,-164,-476,0,
47,-106,34,4,
48,75,-479,-1,
49,462,484,1,
50,-434,125,10,
51,331,70,-6,
52,-263,-332,10,
53,137,-250,8,
54,228,120,-8,
55,-176,201,-10,
56,275,423,7,
57,-437,312,3,
58,-308,66,-9,
59,248,-380,8,
60,121,-449,-8,
61,469,-165,-7,
62,78,25,-4,
63,32,-453,-2,
64,-227,-41,0,
65,-365,31,-6,
66,-64,82,0,
67,-339,168,-8,
68,143,315,0,
69,28,477,-8,
70,-405,324,7,
71,-255,269,4,
72,-478,325,1,
73,-203,308,-1,
74,-236,227,-7,
75,-437,141,9,
76,-419,-452,-5,
77,-171,248,4,
78,-316,-386,10,
79,244,260,3,
80,-5,392,-1,
81,-366,-138,0,
82,152,73,-5,
83,-29,-245,-3,
84,475,-480,-2,
85,323,322,-8,
86,-47,411,-5,
87,-343,-251,-4,
88,-24,412,-2,
89,220,-63,-3,
90,-244,-111,0,
91,341,-52,0,
92,-6,355,1,
93,342,256,8,
94,-332,-295,5,
95,57,317,6,
96,428,-498,0,
97,52,-285,0,
98,-220,-416,-4,
99,347,175,-4,
100,300,-485,-3,
101,38,166,-3,
102,453,61,-9,
103,-139,376,7,
104,351,-413,2,
105,234,23,-2,
106,-242,-44,9,
107,-402,-31,7,
108,-358,276,-6,
109,-322,441,-4,
110,-218,244,4,
111,-377,117,7,
112,113,-352,4,
113,24,-108,-6,
114,196,-367,1,
115,-193,-434,3,
116,380,-324,-7,
117,-266,-472,6,
118,448,-446,5,
119,-337,-17,-1,
120,245,202,-7,
121,246,-43,7,
122,360,92,10,
123,-186,315,3,
124,155,295,0,
125,-481,-434,1,
126,284,78,1,
127,95,389,9,
128,-94,-291,2,
129,-2,177,9,
130,-22,-165,1,
131,-474,-379,0,
132,-247,131,3,
133,-254,-127,4,
134,-438,467,8,
135,-10,-342,6,
136,-389,360,-8,
137,441,76,9,
138,427,-135,-4,
139,398,194,-1,
140,-410,-84,6,
141,161,493,-5,
142,397,-418,-2,
143,480,-188,4,
144,-145,479,-2,
145,199,459,-2,
146,204,-363,4,
147,144,-241,3,
148,-116,224,6,
149,27,304,4,
150,-309,-490,4,
151,3,-24,-6,
152,-248,79,-9,
153,385,355,-4,
154,255,-397,8,
155,453,-464,9,
156,283,-445,-2,
157,138,-201,-1,
158,-384,-498,1,
159,18,-373,6,
160,-176,-267,1,
161,466,33,-3,
162,227,89,9,
163,-306,-46,-8,
164,-411,-21,4,
165,-232,30,-3,
166,395,228,-2,
167,253,73,-3,
168,-138,358,4,
169,120,411,-9,
170,411,307,8,
171,-292,-406,3,
172,-6,-387,0,
173,-164,-373,4,
174,406,413,0,
175,341,-135,2,
176,-436,-73,0,
177,111,-163,6,
178,-169,302,-4,
179,-97,438,-5,
180,-428,-364,-4,
181,9,202,-6,
182,41,-307,-6,
183,220,110,2,
184,19,181,3,
185,302,499,5,
186,-263,-265,-9,
187,122,-422,9,
188,371,-296,-8,
189,-50,-398,8,
190,-497,-277,-6,
191,82,-185,-10,
192,180,37,8,
193,62,212,0,
194,-160,-12,7,
195,196,-300,0,
196,352,188,9,
197,-434,-386,9,
198,-33,-350,2,
199,80,-265,-5,
200,-112,444,4,
201,-407,52,4,
202,39,17,6,
203,-185,-208,9,
204,109,-107,7,
205,185,451,-8,
206,-158,-96,-9,
207,192,252,-5,
208,433,-48,-7,
209,-208,-88,5,
210,-186,459,9,
211,155,324,4,
212,106,-463,0,
213,-432,-305,-10,
214,243,-399,-5,
215,-294,155,4,
216,485,-204,0,
217,-493,142,-9,
218,94,-121,7,
219,-397,260,7,
220,97,461,5,
221,92,-457,5,
222,401,-204,10,
223,160,49,0,
224,-104,-226,0,
225,-452,-439,4,
226,280,323,10,
227,-474,309,-6,
228,362,-427,2,
229,222,-481,4,
230,446,420,6,
231,361,-397,-1,
232,250,-437,-7,
233,100,-288,8,
234,182,-117,2,
235,463,-435,8,
236,271,134,-1,
237,-233,421,-5,
238,122,71,5,
239,328,30,4,
240,-196,-408,3,
241,-341,-273,-4,
242,40,-212,1,
243,285,-480,4,
244,-464,398,-3,
245,280,334,-4,
246,-345,345,-4,
247,6,-201,-8,
248,207,-174,-2,
249,434,-118,-2,
250,-377,115,8,
251,298,-453,-8,
252,223,-374,0,
253,-150,270,0,
254,-82,465,2,
255,-494,-422,0,
256,-28,174,-5,
257,-468,312,7,
258,-140,198,2,
259,-202,308,1,
260,164,-202,-2,
261,-497,491,6,
262,-80,378,0,
263,295,253,8,
264,-37,-191,0,
265,191,414,10,
266,400,105,1,
267,-292,303,-1,
268,-335,95,3,
269,-474,-86,-1,
270,-259,82,4,
271,-338,102,0,
272,103,41,-4,
273,-185,167,-7,
274,13,-343,-2,
275,131,282,6,
276,-170,307,8,
277,265,55,2,
278,-209,190,-8,
279,278,40,2,
280,320,25,-5,
281,-173,473,-1,
282,74,372,0,
283,453,489,-7,
284,-340,151,2,
285,58,-416,0,
286,-257,322,5,
287,-6,-199,-7,
288,22,-145,2,
289,4,10,1,
290,-494,405,2,
291,-492,-391,-5,
292,-155,143,4,
293,489,194,8,
294,-211,213,6,
295,467,182,4,
296,-108,-336,3,
297,108,-130,-7,
298,101,-429,-6,
299,-242,16,-6,
300,161,153,-10,
301,22,385,-9,
302,348,-278,-10,
303,-440,-172,-6,
304,-327,338,5,
305,-92,-494,-3,
306,-147,-253,-6,
307,79,-286,9,
308,34,273,2,
309,-132,-53,5,
310,242,14,-7,
311,300,-200,1,
312,-352,-168,-1,
313,348,283,-10,
314,281,424,-9,
315,239,-179,8,
316,-64,373,-7,
317,-229,132,0,
318,-53,344,-9,
319,-120,430,0,
320,352,-416,-8,
321,342,-346,7,
322,300,353,6,
323,230,277,5,
324,413,-191,7,
325,412,-166,-2,
326,374,227,-10,
327,379,-267,-6,
328,-21,-312,4,
329,170,336,5,
330,78,18,6,
331,206,95,-9,
332,-55,-166,0,
333,-32,210,-7,
334,205,389,7,
335,168,112,-7,
336,-293,-325,2,
337,-262,-370,-8,
338,-168,-343,-9,
339,-32,-463,0,
340,-418,383,-9,
341,208,-288,2,
342,-247,315,0,
343,232,-386,9,
344,95,-233,-3,
345,-489,294,6,
346,228,-31,8,
347,133,-409,-6,
348,-36,242,0,
349,358,-54,-10,
350,-478,122,5,
351,34,-366,2,
352,-191,442,7,
353,-463,-444,-1,
354,-63,-471,5,
355,230,222,6,
356,261,307,9,
357,-111,-155,5,
358,-158,110,-9,
359,81,98,-3,
360,-142,359,4,
361,-150,293,3,
362,-30,-203,-2,
363,-277,316,6,
364,-343,-484,-8,
365,-309,77,5,
366,498,-363,0,
367,-450,-221,1,
368,-453,-372,-1,
369,258,350,-2,
370,71,-165,-6,
371,183,-378,-8,
372,-479,109,8,
373,-138,136,5,
374,-318,-28,0,
375,-152,-366,-4,
376,-51,199,-2,
377,-21,-356,1,
378,-487,-450,9,
379,73,-465,8,
380,271,-440,-1,
381,-199,211,-9,
382,4,-368,-8,
383,-286,123,-6,
384,-71,-37,-1,
385,-35,412,9,
386,-270,341,-1,
387,-381,-489,4,
388,-141,301,-4,
389,-385,434,-6,
390,-255,-66,5,
391,-156,389,10,
392,240,7,-5,
393,234,-237,-8,
394,337,-355,7,
395,437,304,-7,
396,-289,-42,-2,
397,367,131,0,
398,-46,-366,1,
399,-80,500,-6,
400,-381,-378,-4,
401,267,-217,4,
402,-159,113,0,
403,-206,-311,-8,
404,-181,75,2,
405,-284,458,-7,
406,-457,250,5,
407,310,-372,9,
408,-349,182,9,
409,264,-452,-3,
410,122,328,1,
411,-462,-298,-6,
412,1,47,0,
413,-226,-275,1,
414,154,235,-5,
415,-209,299,-4,
416,-135,-3,-4,
417,-149,-394,2,
418,-395,-186,7,
419,125,285,-5,
420,-167,-393,-2,
421,-26,33,-6,
422,20,385,2,
423,-283,335,-1,
424,-243,110,-8,
425,28,-308,4,
426,-181,448,7,
427,253,-166,5,
428,-19,73,5,
429,325,59,-9,
430,-11,394,-3,
431,344,-133,6,
432,266,-304,7,
433,181,203,-9,
434,494,-60,-8,
435,-277,378,-8,
436,-243,-479,4,
437,-188,-305,-2,
438,-73,27,-5,
439,161,-483,-7,
440,488,-377,-4,
441,30,374,-8,
442,-114,381,8,
443,-72,59,3,
444,-318,269,-8,
445,28,-398,-9,
446,275,369,-6,
447,-479,-358,3,
448,-153,-457,-5,
449,-431,299,-4,
450,412,-413,-5,
451,-140,-391,1,
452,-42,-110,-7,
453,430,-381,-9,
454,450,-463,6,
455,202,-258,4,
456,-110,-233,-9,
457,87,-128,-3,
458,-23,408,3,
459,298,-470,1,
460,186,84,-1,
461,-492,237,-5,
462,-132,319,2,
463,-267,-448,9,
464,-319,42,0,
465,336,264,7,
466,303,-86,8,
467,-495,-126,8,
468,-234,-232,-7,
469,341,-147,-9,
470,-421,33,-1,
471,-439,-164,-10,
472,364,39,4,
473,-442,-358,7,
474,-211,-129,9,
475,27,422,-6,
476,227,180,-10,
477,-69,-54,9,
478,-409,164,6,
479,-455,-218,3,
480,29,217,-8,
481,113,106,9,
482,78,-317,10,
483,-447,396,0,
484,323,-339,0,
485,-400,87,-7,
486,-261,309,3,
487,-115,-123,8,
488,-266,151,-9,
489,347,245,-3,
490,218,180,2,
491,244,-64,0,
492,-106,-97,-5,
493,12,-111,0,
494,238,-40,-7,
495,-81,-156,-7,
496,438,237,-5,
497,381,241,9,
498,154,486,-8,
499,-172,-416,3,
500,430,55,7,
